420
May 25 2020 08:49

May 26 2020 17:12

T
C:\Biolog420\DataFiles\MARPLAST Biolog\Mikkel\Mikkel M9 MC-34\MC34_1h.D4C
FALSE
OTHER
4

MC34 (1) 1h
 0.200 0.188 0.195 0.206 0.217 0.196 0.208 0.202 0.214 0.202 0.201 0.213
 0.193 0.199 0.201 0.219 0.208 0.219 0.231 0.184 0.231 0.191 0.200 0.238
 0.190 0.176 0.191 0.179 0.170 0.203 0.236 0.213 0.204 0.203 0.197 0.190
 0.202 0.200 0.193 0.206 0.176 0.225 0.174 0.207 0.204 0.198 0.197 0.195
 0.209 0.189 0.199 0.179 0.182 0.207 0.198 0.206 0.219 0.205 0.163 0.197
 0.197 0.219 0.193 0.197 0.204 0.196 0.182 0.205 0.198 0.206 0.197 0.189
 0.198 0.197 0.192 0.199 0.202 0.202 0.222 0.199 0.187 0.173 0.187 0.338
 0.198 0.177 0.175 0.202 0.182 0.178 0.194 0.200 0.183 0.202 0.204 0.197
 0.175 0.154 0.166 0.178 0.192 0.172 0.182 0.174 0.184 0.175 0.176 0.187
 0.166 0.172 0.171 0.192 0.180 0.190 0.203 0.143 0.208 0.164 0.176 0.209
 0.164 0.150 0.162 0.136 0.143 0.178 0.210 0.182 0.177 0.176 0.171 0.162
 0.179 0.175 0.167 0.180 0.154 0.197 0.148 0.181 0.178 0.173 0.173 0.170
 0.182 0.159 0.169 0.153 0.156 0.180 0.169 0.179 0.192 0.177 0.142 0.170
 0.172 0.182 0.167 0.171 0.179 0.170 0.156 0.178 0.172 0.174 0.173 0.165
 0.172 0.168 0.166 0.172 0.172 0.173 0.188 0.173 0.162 0.150 0.161 0.305
 0.173 0.152 0.150 0.172 0.156 0.130 0.167 0.171 0.157 0.175 0.177 0.170

420
May 25 2020 08:50

May 26 2020 17:12

T
C:\Biolog420\DataFiles\MARPLAST Biolog\Mikkel\Mikkel M9 MC-34\MC34_1h.D4C
FALSE
OTHER
4

MC34 (2) 1h
 0.206 0.184 0.191 0.202 0.201 0.189 0.195 0.189 0.208 0.184 0.185 0.193
 0.201 0.189 0.188 0.185 0.195 0.212 0.234 0.180 0.199 0.163 0.189 0.212
 0.203 0.180 0.189 0.182 0.166 0.199 0.209 0.196 0.200 0.197 0.190 0.196
 0.214 0.202 0.195 0.207 0.177 0.219 0.175 0.203 0.197 0.193 0.193 0.202
 0.222 0.200 0.204 0.189 0.188 0.210 0.195 0.206 0.204 0.205 0.177 0.202
 0.206 0.221 0.197 0.198 0.204 0.197 0.175 0.207 0.198 0.215 0.198 0.196
 0.211 0.214 0.195 0.200 0.201 0.198 0.214 0.206 0.195 0.187 0.190 0.210
 0.210 0.186 0.191 0.216 0.189 0.187 0.208 0.215 0.190 0.204 0.208 0.202
 0.176 0.147 0.160 0.170 0.170 0.160 0.165 0.159 0.175 0.155 0.157 0.163
 0.172 0.160 0.156 0.155 0.164 0.181 0.203 0.137 0.169 0.138 0.161 0.180
 0.173 0.151 0.157 0.134 0.138 0.169 0.177 0.161 0.170 0.166 0.161 0.164
 0.187 0.171 0.164 0.175 0.153 0.187 0.149 0.172 0.168 0.165 0.165 0.172
 0.189 0.167 0.172 0.159 0.160 0.179 0.166 0.175 0.173 0.175 0.152 0.173
 0.176 0.180 0.166 0.167 0.174 0.168 0.147 0.176 0.168 0.177 0.169 0.167
 0.180 0.180 0.164 0.170 0.169 0.168 0.178 0.174 0.164 0.160 0.162 0.179
 0.179 0.157 0.160 0.180 0.160 0.134 0.176 0.183 0.159 0.172 0.174 0.171

420
May 25 2020 08:50

May 26 2020 17:12

T
C:\Biolog420\DataFiles\MARPLAST Biolog\Mikkel\Mikkel M9 MC-34\MC34_1h.D4C
FALSE
OTHER
4

MC34 (3) 1h
 0.177 0.170 0.175 0.181 0.187 0.167 0.181 0.177 0.185 0.178 0.176 0.181
 0.175 0.179 0.177 0.169 0.182 0.180 0.208 0.180 0.195 0.163 0.195 0.201
 0.174 0.165 0.170 0.168 0.155 0.176 0.175 0.175 0.190 0.186 0.178 0.179
 0.193 0.187 0.179 0.185 0.170 0.195 0.156 0.183 0.183 0.179 0.182 0.181
 0.203 0.179 0.186 0.168 0.175 0.187 0.180 0.227 0.177 0.194 0.170 0.186
 0.185 0.190 0.174 0.176 0.190 0.180 0.165 0.186 0.182 0.196 0.184 0.180
 0.188 0.177 0.175 0.181 0.182 0.181 0.186 0.187 0.180 0.173 0.177 0.190
 0.187 0.160 0.160 0.186 0.169 0.179 0.182 0.198 0.175 0.189 0.187 0.188
 0.151 0.135 0.148 0.153 0.158 0.141 0.153 0.149 0.156 0.151 0.150 0.154
 0.147 0.151 0.148 0.143 0.154 0.151 0.180 0.139 0.168 0.140 0.168 0.170
 0.148 0.139 0.142 0.123 0.130 0.148 0.148 0.146 0.162 0.158 0.151 0.150
 0.167 0.158 0.150 0.156 0.146 0.165 0.132 0.156 0.155 0.152 0.154 0.154
 0.173 0.151 0.157 0.140 0.149 0.158 0.152 0.193 0.150 0.165 0.146 0.159
 0.157 0.157 0.147 0.149 0.162 0.153 0.139 0.159 0.154 0.163 0.157 0.154
 0.160 0.150 0.148 0.154 0.154 0.154 0.155 0.159 0.151 0.149 0.151 0.161
 0.159 0.136 0.136 0.156 0.143 0.127 0.154 0.168 0.146 0.159 0.157 0.159

